0.0000000000 0.0000000000
0.1010101010 0.0000000000
0.2020202020 0.0000000000
0.3030303030 0.0000000000
0.4040404040 0.0002105042
0.5050505051 0.0055166979
0.6060606061 0.0109082470
0.7070707071 0.0163874646
0.8080808081 0.0219567527
0.9090909091 0.0276186063
1.0101010101 0.0333756183
1.1111111111 0.0392304845
1.2121212121 0.0451860089
1.3131313131 0.0512451089
1.4141414141 0.0574108223
1.5151515152 0.0636863125
1.6161616162 0.0700748763
1.7171717172 0.0765799507
1.8181818182 0.0832051206
1.9191919192 0.0899541275
2.0202020202 0.0968308779
2.1212121212 0.1038394532
2.2222222222 0.1109841197
2.3232323232 0.1182693396
2.4242424242 0.1256997824
2.5252525253 0.1332803379
2.6262626263 0.1410161297
2.7272727273 0.1489125293
2.8282828283 0.1569751723
2.9292929293 0.1652099749
3.0303030303 0.1736231526
3.1313131313 0.1822212394
3.2323232323 0.1910111094
3.3333333333 0.2000000000
3.4343434343 0.2091955368
3.5353535354 0.2186057607
3.6363636364 0.2282391577
3.7373737374 0.2381046910
3.8383838384 0.2482118357
3.9393939394 0.2585706178
4.0404040404 0.2691916552
4.1414141414 0.2800862040
4.2424242424 0.2912662084
4.3434343434 0.3027443560
4.4444444444 0.3145341380
4.5454545455 0.3266499161
4.6464646465 0.3391069962
4.7474747475 0.3519217092
4.8484848485 0.3651115016
4.9494949495 0.3786950352
5.0505050505 0.3926922979
5.1515151515 0.4071247279
5.2525252525 0.4220153514
5.3535353535 0.4373889371
5.4545454545 0.4532721700
5.5555555556 0.4696938457
5.6565656566 0.4866850904
5.7575757576 0.5042796093
5.8585858586 0.5225139673
5.9595959596 0.5414279094
6.0606060606 0.5610647254
6.1616161616 0.5814716664
6.2626262626 0.6027004239
6.3636363636 0.6248076809
6.4646464646 0.6478557496
6.5656565657 0.6719133104
6.6666666667 0.6970562748
6.7676767677 0.7233687940
6.8686868687 0.7509444456
6.9696969697 0.7798876369
7.0707070707 0.8103152707
7.1717171717 0.8423587366
7.2727272727 0.8761663039
7.3737373737 0.9119060164
7.4747474747 0.9497692171
7.5757575758 0.9899748742
7.6767676768 1.0000000000
7.7777777778 1.0000000000
7.8787878788 1.0000000000
7.9797979798 1.0000000000
8.0808080808 1.0000000000
8.1818181818 1.0000000000
8.2828282828 1.0000000000
8.3838383838 1.0000000000
8.4848484848 1.0000000000
8.5858585859 1.0000000000
8.6868686869 1.0000000000
8.7878787879 1.0000000000
8.8888888889 1.0000000000
8.9898989899 1.0000000000
9.0909090909 1.0000000000
9.1919191919 1.0000000000
9.2929292929 1.0000000000
9.3939393939 1.0000000000
9.4949494949 1.0000000000
9.5959595960 1.0000000000
9.6969696970 1.0000000000
9.7979797980 1.0000000000
9.8989898990 1.0000000000
10.0000000000 1.0000000000
